2290805
2305708
896803
2288687
2307323
701749
2306237
2282738
2306232
2311155
2310905
2310904
2283024
2308409
2310471
2305655
2306867
2286258
2282696
896779
2310479
2305130
2280548
2291595
2291872
2290421
2279688
2285396
1039275
2305328
1353794
793396
2308439
1340525
2306257
2309127
2294991
2310045
1344724
888519
2293783
2281187
893527
2281185
2291802
698867
2289343
2288771
2305714
2285822
2305832
2309997
2276439
2307335
2307579
2309112
701811
702746
2308543
2304980
2307971
2279027
2291412
2292508
2285013
1354549
888540
1354664
2305622
2305221
2306432
1037872
2305620
786089
2306275
2279938
2274528
2293325
2277476
2291149
2306790
2310823
2283221
2280470
888017
2287427
1354439
2286616
2266746
2286053
2287661
2288992
797143
2306388
2307357
2310158
2281837
2284706
2291793
2278039
2310317
2311249
2286688
2290746
2282120
2286846
2311052
2287131
2307705
2288069
682252
2309208
2294794
2304790
2308876
2309441
2309160
2292530
2287129
2282590
2304789
784764
702676
874788
2309319
1354611
2306721
2310499
2310256
2310013
2295131
2279587
1043720
2309672
2309034
2290006
2290248
2275388