2285013
2274082
2290805
2268999
2288687
2264113
2265685
2274841
2249007
2279736
2271578
2282738
2279938
2274088
2291149
1366856
2272782
2265417
2280470
2283221
2283024
2287427
2286616
2286053
2235945
2269978
2287661
2266942
2288992
2265215
2266583
2269179
2266101
2265454
2282696
2286258
2274830
2274637
2280548
2265690
2268082
2281837
2273945
2284706
2272538
2279443
1368626
2271201
2278039
2290421
2286688
2290746
2282120
2285396
2286846
2275708
2287131
2288069
2263686
2273257
2271032
2274547
2266908
2271235
2279558
1661008
2281187
2287129
2263974
2269919
2281185
2282590
2267418
2288771
2289343
2285822
2273048
2273764
2271500
2274612
2269152
2275629
2279027
2279587
2290248
2290006
2272155